0 0.000000 0.000000 0.872241 0.636787 0.955266 0.434291 0.608367 0.332251 0.239848 0.365279 0.850717 0.493787 0.811204 
1 0.000000 0.000000 0.455365 0.951219 0.313224 0.767858 0.727653 0.743970 0.978674 0.395118 0.431254 0.219163 0.155293 
2 0.000000 0.000000 0.742683 0.132144 0.551328 0.495897 0.206584 0.700583 0.562125 0.468830 0.401619 0.434366 0.105617 
3 0.000000 0.000000 0.356885 0.868657 0.713983 0.689136 0.108505 0.079262 0.539853 0.602292 0.890466 0.995218 0.553511 
4 0.000000 0.000000 0.203690 0.763076 0.281164 0.947660 0.741750 0.676283 0.378914 0.960914 0.831576 0.121597 0.093058 
5 0.000000 0.000000 0.382903 0.617494 0.299642 0.083486 0.179619 0.768472 0.485105 0.613985 0.874088 0.841990 0.482642 
6 0.000000 0.000000 0.588071 0.531127 0.591147 0.667334 0.070980 0.193438 0.557800 0.066198 0.746950 0.761490 0.829274 
7 0.000000 0.000000 0.028114 0.709150 0.571025 0.704397 0.088064 0.531938 0.535972 0.209661 0.624996 0.918876 0.827155 
8 0.000000 0.000000 0.924638 0.002362 0.006773 0.693109 0.487467 0.620758 0.567198 0.329458 0.103400 0.155269 0.860584 
19 0.000000 0.000000 0.998422 0.056222 0.009053 0.685140 0.788429 0.640270 0.972043 0.362061 0.545311 0.150980 0.913536 
